cminusreal= -0.00908726150487 ;
cminusimag= -0.00425608104579 ;
cplusreal= -7.60558174028e-06 ;
cplusimag= -3.03812617371e-06 ;
