kqs.r2b2 =      5.6373171e-07 ;
kqs.r4b2 =   -3.208291569e-07 ;
kqs.r6b2 =   -4.690303045e-07 ;
kqs.r8b2 =    5.321729332e-07 ;
kqs.l1b2 =    5.321729332e-07 ;
kqs.l3b2 =      5.6373171e-07 ;
kqs.l5b2 =   -3.208291569e-07 ;
kqs.l7b2 =   -4.690303045e-07 ;
kqs.a12b2 =   -1.248597742e-06 ;
kqs.a78b2 =   -3.349101449e-07 ;
kqs.a56b2 =    8.986618285e-09 ;
kqs.a34b2 =    1.021188427e-07 ;
