kqs.r2b2 =    9.319545393e-07 ;
kqs.r4b2 =   -5.789081214e-07 ;
kqs.r6b2 =   -5.763360666e-07 ;
kqs.r8b2 =    6.837865019e-07 ;
kqs.l1b2 =    6.837865019e-07 ;
kqs.l3b2 =    9.319545393e-07 ;
kqs.l5b2 =   -5.789081214e-07 ;
kqs.l7b2 =   -5.763360666e-07 ;
kqs.a12b2 =   -2.992270739e-07 ;
kqs.a78b2 =    5.209979057e-07 ;
kqs.a56b2 =   -8.851017077e-07 ;
kqs.a34b2 =   -7.988850892e-07 ;
