kqs.r2b2 =   -1.024910526e-06 ;
kqs.r4b2 =    3.203446544e-07 ;
kqs.r6b2 =    7.078771393e-07 ;
kqs.r8b2 =   -7.862593763e-07 ;
kqs.l1b2 =   -7.862593763e-07 ;
kqs.l3b2 =   -1.024910526e-06 ;
kqs.l5b2 =    3.203446544e-07 ;
kqs.l7b2 =    7.078771393e-07 ;
kqs.a12b2 =    2.971712553e-07 ;
kqs.a78b2 =   -5.791157056e-08 ;
kqs.a56b2 =    4.690743458e-07 ;
kqs.a34b2 =    5.869931538e-07 ;
