kqs.r2b2 =     2.12346915e-06 ;
kqs.r4b2 =    1.120185208e-06 ;
kqs.r6b2 =   -3.375306536e-07 ;
kqs.r8b2 =    2.314297878e-06 ;
kqs.l1b2 =    2.314297878e-06 ;
kqs.l3b2 =     2.12346915e-06 ;
kqs.l5b2 =    1.120185208e-06 ;
kqs.l7b2 =   -3.375306536e-07 ;
kqs.a12b2 =    1.567240019e-06 ;
kqs.a78b2 =   -2.357631808e-06 ;
kqs.a56b2 =   -1.694727997e-06 ;
kqs.a34b2 =    3.040534983e-06 ;
