kqs.r2b2 =   -3.325804575e-08 ;
kqs.r4b2 =     5.30028966e-07 ;
kqs.r6b2 =    9.413512615e-07 ;
kqs.r8b2 =   -9.433662181e-07 ;
kqs.l1b2 =   -9.433662181e-07 ;
kqs.l3b2 =   -3.325804575e-08 ;
kqs.l5b2 =     5.30028966e-07 ;
kqs.l7b2 =    9.413512615e-07 ;
kqs.a12b2 =    4.505584481e-07 ;
kqs.a78b2 =    7.362497922e-07 ;
kqs.a56b2 =   -1.192122883e-07 ;
kqs.a34b2 =    4.851192615e-07 ;
