kqs.r2b2 =    5.987406029e-07 ;
kqs.r4b2 =     5.01979795e-07 ;
kqs.r6b2 =    3.691784777e-08 ;
kqs.r8b2 =    7.336187831e-07 ;
kqs.l1b2 =    7.336187831e-07 ;
kqs.l3b2 =    5.987406029e-07 ;
kqs.l5b2 =     5.01979795e-07 ;
kqs.l7b2 =    3.691784777e-08 ;
kqs.a12b2 =   -6.665826718e-08 ;
kqs.a78b2 =    5.367997611e-07 ;
kqs.a56b2 =   -8.658260585e-07 ;
kqs.a34b2 =   -9.396805017e-07 ;
