kqs.r2b2 =    7.658863462e-07 ;
kqs.r4b2 =    2.510923576e-07 ;
kqs.r6b2 =   -4.145346954e-07 ;
kqs.r8b2 =    8.831138959e-07 ;
kqs.l1b2 =    8.831138959e-07 ;
kqs.l3b2 =    7.658863462e-07 ;
kqs.l5b2 =    2.510923576e-07 ;
kqs.l7b2 =   -4.145346954e-07 ;
kqs.a12b2 =   -4.358057512e-07 ;
kqs.a78b2 =    4.019853565e-07 ;
kqs.a56b2 =   -3.975592071e-07 ;
kqs.a34b2 =   -1.105596942e-06 ;
