kqs.r2b2 =     1.63155952e-07 ;
kqs.r4b2 =   -4.232477615e-07 ;
kqs.r6b2 =   -1.172272505e-06 ;
kqs.r8b2 =    4.455613676e-07 ;
kqs.l1b2 =    4.455613676e-07 ;
kqs.l3b2 =     1.63155952e-07 ;
kqs.l5b2 =   -4.232477615e-07 ;
kqs.l7b2 =   -1.172272505e-06 ;
kqs.a12b2 =   -9.761198316e-07 ;
kqs.a78b2 =   -1.972182921e-07 ;
kqs.a56b2 =   -3.870408147e-07 ;
kqs.a34b2 =   -1.024133446e-06 ;
