kqs.r2b2 =    1.346553386e-07 ;
kqs.r4b2 =    1.210055907e-06 ;
kqs.r6b2 =    1.783364083e-07 ;
kqs.r8b2 =    6.204218362e-07 ;
kqs.l1b2 =    6.204218362e-07 ;
kqs.l3b2 =    1.346553386e-07 ;
kqs.l5b2 =    1.210055907e-06 ;
kqs.l7b2 =    1.783364083e-07 ;
kqs.a12b2 =    6.025162342e-07 ;
kqs.a78b2 =    5.060325512e-07 ;
kqs.a56b2 =   -5.753652955e-07 ;
kqs.a34b2 =   -5.911051895e-07 ;
