kqs.r2b2 =   -1.016011164e-05 ;
kqs.r4b2 =   -1.030042261e-05 ;
kqs.r6b2 =   -1.706089175e-06 ;
kqs.r8b2 =   -1.135576643e-05 ;
kqs.l1b2 =   -1.135576643e-05 ;
kqs.l3b2 =   -1.016011164e-05 ;
kqs.l5b2 =   -1.030042261e-05 ;
kqs.l7b2 =   -1.706089175e-06 ;
kqs.a12b2 =   -4.511647963e-06 ;
kqs.a78b2 =   -1.235456214e-06 ;
kqs.a56b2 =    1.145559607e-05 ;
dq =    0.0004019899333 ;
