kqs.r2b2 =     1.63155952e-06 ;
kqs.r4b2 =   -4.232477615e-06 ;
kqs.r6b2 =   -1.172272505e-05 ;
kqs.r8b2 =    4.455613676e-06 ;
kqs.l1b2 =    4.455613676e-06 ;
kqs.l3b2 =     1.63155952e-06 ;
kqs.l5b2 =   -4.232477615e-06 ;
kqs.l7b2 =   -1.172272505e-05 ;
kqs.a12b2 =   -9.761198316e-06 ;
kqs.a78b2 =   -1.972182921e-06 ;
kqs.a56b2 =   -3.870408147e-06 ;
dq =    0.0003981550147 ;
