kqs.r2b2 =     2.12346915e-05 ;
kqs.r4b2 =    1.120185208e-05 ;
kqs.r6b2 =   -3.375306536e-06 ;
kqs.r8b2 =    2.314297878e-05 ;
kqs.l1b2 =    2.314297878e-05 ;
kqs.l3b2 =     2.12346915e-05 ;
kqs.l5b2 =    1.120185208e-05 ;
kqs.l7b2 =   -3.375306536e-06 ;
kqs.a12b2 =    1.567240019e-05 ;
kqs.a78b2 =   -2.357631808e-05 ;
kqs.a56b2 =   -1.694727997e-05 ;
dq =    0.0003977679498 ;
