kqs.r2b2 =    5.599119101e-06 ;
kqs.r4b2 =    7.173656463e-06 ;
kqs.r6b2 =    4.226490779e-07 ;
kqs.r8b2 =    7.853622926e-06 ;
kqs.l1b2 =    7.853622926e-06 ;
kqs.l3b2 =    5.599119101e-06 ;
kqs.l5b2 =    7.173656463e-06 ;
kqs.l7b2 =    4.226490779e-07 ;
kqs.a12b2 =   -3.680941228e-06 ;
kqs.a78b2 =    6.691456361e-06 ;
kqs.a56b2 =   -8.001120778e-06 ;
dq =    0.0004012367868 ;
