kqs.r2b2 =    4.777329669e-06 ;
kqs.r4b2 =    6.992868399e-06 ;
kqs.r6b2 =   -1.693007742e-06 ;
kqs.r8b2 =   -1.806501938e-06 ;
kqs.l1b2 =   -1.806501938e-06 ;
kqs.l3b2 =    4.777329669e-06 ;
kqs.l5b2 =    6.992868399e-06 ;
kqs.l7b2 =   -1.693007742e-06 ;
kqs.a12b2 =    3.335529143e-06 ;
kqs.a78b2 =    8.818187664e-06 ;
kqs.a56b2 =   -6.695213562e-06 ;
dq =     0.000399303695 ;
