kqs.r2b2 =    6.414337527e-06 ;
kqs.r4b2 =   -2.545932055e-07 ;
kqs.r6b2 =   -6.258891045e-06 ;
kqs.r8b2 =    1.345450569e-05 ;
kqs.l1b2 =    1.345450569e-05 ;
kqs.l3b2 =    6.414337527e-06 ;
kqs.l5b2 =   -2.545932055e-07 ;
kqs.l7b2 =   -6.258891045e-06 ;
kqs.a12b2 =   -4.071680082e-06 ;
kqs.a78b2 =   -2.959963888e-06 ;
kqs.a56b2 =   -1.157627957e-06 ;
dq =    0.0004019024175 ;
