kqs.r2b2 =    1.686156596e-05 ;
kqs.r4b2 =    8.393130214e-06 ;
kqs.r6b2 =     8.21912575e-06 ;
kqs.r8b2 =     1.29724972e-05 ;
kqs.l1b2 =     1.29724972e-05 ;
kqs.l3b2 =    1.686156596e-05 ;
kqs.l5b2 =    8.393130214e-06 ;
kqs.l7b2 =     8.21912575e-06 ;
kqs.a12b2 =    1.326806629e-05 ;
kqs.a78b2 =    1.075046691e-05 ;
kqs.a56b2 =    -5.59044964e-06 ;
dq =    0.0004011290935 ;
