kqs.r2b2 =    9.319545393e-06 ;
kqs.r4b2 =   -5.789081214e-06 ;
kqs.r6b2 =   -5.763360666e-06 ;
kqs.r8b2 =    6.837865019e-06 ;
kqs.l1b2 =    6.837865019e-06 ;
kqs.l3b2 =    9.319545393e-06 ;
kqs.l5b2 =   -5.789081214e-06 ;
kqs.l7b2 =   -5.763360666e-06 ;
kqs.a12b2 =   -2.992270739e-06 ;
kqs.a78b2 =    5.209979057e-06 ;
kqs.a56b2 =   -8.851017077e-06 ;
dq =    0.0004025310183 ;
