kqs.r2b2 =    2.113961173e-06 ;
kqs.r4b2 =    7.924303988e-06 ;
kqs.r6b2 =    8.146255664e-06 ;
kqs.r8b2 =    9.874264909e-08 ;
kqs.l1b2 =    9.874264909e-08 ;
kqs.l3b2 =    2.113961173e-06 ;
kqs.l5b2 =    7.924303988e-06 ;
kqs.l7b2 =    8.146255664e-06 ;
kqs.a12b2 =    8.610509471e-06 ;
kqs.a78b2 =    5.752250971e-06 ;
kqs.a56b2 =   -8.782186406e-06 ;
dq =    0.0004023646313 ;
