kqs.r2b2 =   -3.325804575e-07 ;
kqs.r4b2 =     5.30028966e-06 ;
kqs.r6b2 =    9.413512615e-06 ;
kqs.r8b2 =   -9.433662181e-06 ;
kqs.l1b2 =   -9.433662181e-06 ;
kqs.l3b2 =   -3.325804575e-07 ;
kqs.l5b2 =     5.30028966e-06 ;
kqs.l7b2 =    9.413512615e-06 ;
kqs.a12b2 =    4.505584481e-06 ;
kqs.a78b2 =    7.362497922e-06 ;
kqs.a56b2 =   -1.192122883e-06 ;
dq =    0.0004001646246 ;
