kqs.r2b2 =      5.6373171e-06 ;
kqs.r4b2 =   -3.208291569e-06 ;
kqs.r6b2 =   -4.690303045e-06 ;
kqs.r8b2 =    5.321729332e-06 ;
kqs.l1b2 =    5.321729332e-06 ;
kqs.l3b2 =      5.6373171e-06 ;
kqs.l5b2 =   -3.208291569e-06 ;
kqs.l7b2 =   -4.690303045e-06 ;
kqs.a12b2 =   -1.248597742e-05 ;
kqs.a78b2 =   -3.349101449e-06 ;
kqs.a56b2 =    8.986618285e-08 ;
dq =    0.0003998570146 ;
