kqs.r2b2 =    7.658863462e-06 ;
kqs.r4b2 =    2.510923576e-06 ;
kqs.r6b2 =   -4.145346954e-06 ;
kqs.r8b2 =    8.831138959e-06 ;
kqs.l1b2 =    8.831138959e-06 ;
kqs.l3b2 =    7.658863462e-06 ;
kqs.l5b2 =    2.510923576e-06 ;
kqs.l7b2 =   -4.145346954e-06 ;
kqs.a12b2 =   -4.358057512e-06 ;
kqs.a78b2 =    4.019853565e-06 ;
kqs.a56b2 =   -3.975592071e-06 ;
dq =    0.0003958978588 ;
