kqs.r2b2 =    1.346553386e-06 ;
kqs.r4b2 =    1.210055907e-05 ;
kqs.r6b2 =    1.783364083e-06 ;
kqs.r8b2 =    6.204218362e-06 ;
kqs.l1b2 =    6.204218362e-06 ;
kqs.l3b2 =    1.346553386e-06 ;
kqs.l5b2 =    1.210055907e-05 ;
kqs.l7b2 =    1.783364083e-06 ;
kqs.a12b2 =    6.025162342e-06 ;
kqs.a78b2 =    5.060325512e-06 ;
kqs.a56b2 =   -5.753652955e-06 ;
dq =     0.000401975626 ;
