cminusreal= -0.00920404573108 ;
cminusimag= -0.0030545616705 ;
cplusreal= 2.00445536987e-06 ;
cplusimag= 0.000113226073886 ;
