kqs.r7b1 =    1.307992692e-06 ;
kqs.r5b1 =    2.101237396e-06 ;
kqs.r3b1 =    2.071766412e-06 ;
kqs.r1b1 =    2.177509557e-06 ;
kqs.l8b1 =    1.307992692e-06 ;
kqs.l6b1 =    2.101237396e-06 ;
kqs.l4b1 =    2.071766412e-06 ;
kqs.l2b1 =    2.177509557e-06 ;
kqs.a81b1 =   -2.654845976e-06 ;
kqs.a67b1 =     1.86822496e-06 ;
kqs.a45b1 =   -1.628134984e-06 ;
kqs.a23b1 =   -3.229637814e-06 ;
