kqs.r2b2 =    1.277486288e-06 ;
kqs.r4b2 =    1.191566018e-06 ;
kqs.r6b2 =   -5.835974236e-06 ;
kqs.r8b2 =    2.619597421e-06 ;
kqs.l1b2 =    2.619597421e-06 ;
kqs.l3b2 =    1.277486288e-06 ;
kqs.l5b2 =    1.191566018e-06 ;
kqs.l7b2 =   -5.835974236e-06 ;
kqs.a12b2 =     4.80787791e-06 ;
kqs.a78b2 =   -6.934012116e-06 ;
kqs.a56b2 =   -6.784307224e-06 ;
kqs.a34b2 =    8.911303673e-06 ;
