kqs.r2b2 =    7.898442613e-07 ;
kqs.r4b2 =    2.228144272e-06 ;
kqs.r6b2 =    2.623725406e-06 ;
kqs.r8b2 =    6.050149113e-09 ;
kqs.l1b2 =    6.050149113e-09 ;
kqs.l3b2 =    7.898442613e-07 ;
kqs.l5b2 =    2.228144272e-06 ;
kqs.l7b2 =    2.623725406e-06 ;
kqs.a12b2 =    2.525796946e-06 ;
kqs.a78b2 =    1.909875138e-06 ;
kqs.a56b2 =   -2.890956771e-06 ;
kqs.a34b2 =    1.309404937e-06 ;
