kqs.r7b1 =   -1.177730703e-06 ;
kqs.r5b1 =    4.444677642e-06 ;
kqs.r3b1 =   -5.507955245e-07 ;
kqs.r1b1 =    1.692740368e-06 ;
kqs.l8b1 =   -1.177730703e-06 ;
kqs.l6b1 =    4.444677642e-06 ;
kqs.l4b1 =   -5.507955245e-07 ;
kqs.l2b1 =    1.692740368e-06 ;
kqs.a81b1 =   -3.268381259e-06 ;
kqs.a67b1 =   -2.695229044e-07 ;
kqs.a45b1 =   -2.429743549e-06 ;
kqs.a23b1 =   -4.040751922e-06 ;
stre =                  0 ;
