kqs.r2b2 =    2.230915727e-06 ;
kqs.r4b2 =    7.429672811e-07 ;
kqs.r6b2 =   -1.330344495e-06 ;
kqs.r8b2 =    2.515313038e-06 ;
kqs.l1b2 =    2.515313038e-06 ;
kqs.l3b2 =    2.230915727e-06 ;
kqs.l5b2 =    7.429672811e-07 ;
kqs.l7b2 =   -1.330344495e-06 ;
kqs.a12b2 =   -1.385188845e-06 ;
kqs.a78b2 =    1.156407547e-06 ;
kqs.a56b2 =   -1.000072393e-06 ;
kqs.a34b2 =   -3.484008653e-06 ;
