kqs.r7b1 =    2.984550966e-07 ;
kqs.r5b1 =   -7.678875063e-07 ;
kqs.r3b1 =   -3.443155587e-06 ;
kqs.r1b1 =     4.99441415e-07 ;
kqs.l8b1 =    2.984550966e-07 ;
kqs.l6b1 =   -7.678875063e-07 ;
kqs.l4b1 =   -3.443155587e-06 ;
kqs.l2b1 =     4.99441415e-07 ;
kqs.a81b1 =   -3.968917636e-06 ;
kqs.a67b1 =    5.476875903e-07 ;
kqs.a45b1 =    1.774078544e-06 ;
kqs.a23b1 =    6.936660296e-07 ;
