kqs.r2b2 =    2.201400581e-07 ;
kqs.r4b2 =      1.3394217e-06 ;
kqs.r6b2 =    3.053577164e-06 ;
kqs.r8b2 =   -3.076640657e-06 ;
kqs.l1b2 =   -3.076640657e-06 ;
kqs.l3b2 =    2.201400581e-07 ;
kqs.l5b2 =      1.3394217e-06 ;
kqs.l7b2 =    3.053577164e-06 ;
kqs.a12b2 =    1.268454291e-06 ;
kqs.a78b2 =    2.460834291e-06 ;
kqs.a56b2 =   -5.789546793e-07 ;
kqs.a34b2 =    1.675154523e-06 ;
