kqs.r2b2 =    1.810823141e-06 ;
kqs.r4b2 =     1.42123911e-06 ;
kqs.r6b2 =    1.388808427e-07 ;
kqs.r8b2 =    2.035191091e-06 ;
kqs.l1b2 =    2.035191091e-06 ;
kqs.l3b2 =    1.810823141e-06 ;
kqs.l5b2 =     1.42123911e-06 ;
kqs.l7b2 =    1.388808427e-07 ;
kqs.a12b2 =   -3.084802605e-07 ;
kqs.a78b2 =    1.662349664e-06 ;
kqs.a56b2 =   -2.541003736e-06 ;
kqs.a34b2 =    -2.89522427e-06 ;
