kqs.r2b2 =   -3.191286733e-06 ;
kqs.r4b2 =    1.105462523e-06 ;
kqs.r6b2 =    2.006173493e-06 ;
kqs.r8b2 =   -2.213280125e-06 ;
kqs.l1b2 =   -2.213280125e-06 ;
kqs.l3b2 =   -3.191286733e-06 ;
kqs.l5b2 =    1.105462523e-06 ;
kqs.l7b2 =    2.006173493e-06 ;
kqs.a12b2 =    7.252372517e-07 ;
kqs.a78b2 =   -2.384362257e-07 ;
kqs.a56b2 =    1.484987561e-06 ;
kqs.a34b2 =    1.884801026e-06 ;
