kqs.r2b2 =    1.703353246e-06 ;
kqs.r4b2 =   -1.074892612e-06 ;
kqs.r6b2 =   -1.339824989e-06 ;
kqs.r8b2 =    1.549299358e-06 ;
kqs.l1b2 =    1.549299358e-06 ;
kqs.l3b2 =    1.703353246e-06 ;
kqs.l5b2 =   -1.074892612e-06 ;
kqs.l7b2 =   -1.339824989e-06 ;
kqs.a12b2 =   -3.908120549e-06 ;
kqs.a78b2 =   -8.588384378e-07 ;
kqs.a56b2 =   -1.762274563e-07 ;
kqs.a34b2 =    4.282101382e-07 ;
