kqs.r2b2 =    3.416557712e-07 ;
kqs.r4b2 =    3.710375409e-06 ;
kqs.r6b2 =    4.183179385e-07 ;
kqs.r8b2 =    2.179752213e-06 ;
kqs.l1b2 =    2.179752213e-06 ;
kqs.l3b2 =    3.416557712e-07 ;
kqs.l5b2 =    3.710375409e-06 ;
kqs.l7b2 =    4.183179385e-07 ;
kqs.a12b2 =    2.089412455e-06 ;
kqs.a78b2 =    1.498209271e-06 ;
kqs.a56b2 =   -1.726412315e-06 ;
kqs.a34b2 =   -1.662612303e-06 ;
