kqs.r7b1 =   -3.584470736e-08 ;
kqs.r5b1 =   -3.133525914e-06 ;
kqs.r3b1 =   -3.738628512e-06 ;
kqs.r1b1 =    1.953975615e-06 ;
kqs.l8b1 =   -3.584470736e-08 ;
kqs.l6b1 =   -3.133525914e-06 ;
kqs.l4b1 =   -3.738628512e-06 ;
kqs.l2b1 =    1.953975615e-06 ;
kqs.a81b1 =    2.229502703e-06 ;
kqs.a67b1 =   -9.517467259e-07 ;
kqs.a45b1 =    2.587953347e-06 ;
kqs.a23b1 =    5.240748972e-07 ;
