kqs.r7b1 =   -6.792229778e-06 ;
kqs.r5b1 =    3.012702229e-05 ;
kqs.r1b1 =   -2.537183306e-05 ;
kqs.l8b1 =   -6.792229778e-06 ;
kqs.l6b1 =    3.012702229e-05 ;
kqs.l2b1 =   -2.537183306e-05 ;
kqs.a81b1 =   -5.014630442e-05 ;
kqs.a67b1 =    8.260672835e-06 ;
kqs.a45b1 =   -2.732163088e-05 ;
kqs.a23b1 =   -1.924922973e-05 ;
dq =    -0.001169431315 ;
