kqs.r7b1 =    2.984550966e-06 ;
kqs.r5b1 =   -7.678875063e-06 ;
kqs.r1b1 =     4.99441415e-06 ;
kqs.l8b1 =    2.984550966e-06 ;
kqs.l6b1 =   -7.678875063e-06 ;
kqs.l2b1 =     4.99441415e-06 ;
kqs.a81b1 =   -3.968917636e-05 ;
kqs.a67b1 =    5.476875903e-06 ;
kqs.a45b1 =    1.774078544e-05 ;
kqs.a23b1 =    6.936660296e-06 ;
dq =     0.001159436686 ;
