kqs.r7b1 =   -1.420591574e-05 ;
kqs.r5b1 =     7.36675718e-06 ;
kqs.r1b1 =   -3.042103816e-05 ;
kqs.l8b1 =   -1.420591574e-05 ;
kqs.l6b1 =     7.36675718e-06 ;
kqs.l2b1 =   -3.042103816e-05 ;
kqs.a81b1 =    2.689863023e-05 ;
kqs.a67b1 =   -1.431418146e-05 ;
kqs.a45b1 =     1.93377352e-05 ;
kqs.a23b1 =    2.172825392e-05 ;
dq =    -0.001167100549 ;
