kqs.r2b2 =     1.83098206e-05 ;
kqs.r4b2 =    1.899580692e-05 ;
kqs.r6b2 =    1.257725012e-06 ;
kqs.r8b2 =    2.351541356e-05 ;
kqs.l1b2 =    2.351541356e-05 ;
kqs.l3b2 =     1.83098206e-05 ;
kqs.l5b2 =    1.899580692e-05 ;
kqs.l7b2 =    1.257725012e-06 ;
kqs.a12b2 =   -1.068484114e-05 ;
kqs.a78b2 =    1.993015123e-05 ;
kqs.a56b2 =   -2.420004834e-05 ;
dq =     0.001208595856 ;
