kqs.r2b2 =    5.173107198e-06 ;
kqs.r4b2 =   -1.284437668e-05 ;
kqs.r6b2 =    -1.72451684e-05 ;
kqs.r8b2 =    3.798902336e-05 ;
kqs.l1b2 =    3.798902336e-05 ;
kqs.l3b2 =    5.173107198e-06 ;
kqs.l5b2 =   -1.284437668e-05 ;
kqs.l7b2 =    -1.72451684e-05 ;
kqs.a12b2 =   -9.055759744e-06 ;
kqs.a78b2 =   -2.260567879e-05 ;
kqs.a56b2 =    1.414460632e-05 ;
dq =     0.001245389869 ;
