kqs.r7b1 =   -2.300852251e-05 ;
kqs.r5b1 =   -2.855339709e-05 ;
kqs.r1b1 =   -1.766298004e-05 ;
kqs.l8b1 =   -2.300852251e-05 ;
kqs.l6b1 =   -2.855339709e-05 ;
kqs.l2b1 =   -1.766298004e-05 ;
kqs.a81b1 =    3.234618081e-05 ;
kqs.a67b1 =   -5.676961794e-06 ;
kqs.a45b1 =    2.365311525e-05 ;
kqs.a23b1 =    2.972711304e-05 ;
dq =    -0.001122346115 ;
