kqs.r2b2 =   -5.836560238e-05 ;
kqs.r4b2 =    -5.42972443e-05 ;
kqs.r6b2 =    5.313337902e-08 ;
kqs.r8b2 =   -7.912020366e-05 ;
kqs.l1b2 =   -7.912020366e-05 ;
kqs.l3b2 =   -5.836560238e-05 ;
kqs.l5b2 =    -5.42972443e-05 ;
kqs.l7b2 =    5.313337902e-08 ;
kqs.a12b2 =    -3.67972066e-05 ;
kqs.a78b2 =    4.122959066e-05 ;
kqs.a56b2 =    6.238689881e-05 ;
dq =    -0.001252954638 ;
