kqs.r2b2 =    1.810823141e-05 ;
kqs.r4b2 =     1.42123911e-05 ;
kqs.r6b2 =    1.388808427e-06 ;
kqs.r8b2 =    2.035191091e-05 ;
kqs.l1b2 =    2.035191091e-05 ;
kqs.l3b2 =    1.810823141e-05 ;
kqs.l5b2 =     1.42123911e-05 ;
kqs.l7b2 =    1.388808427e-06 ;
kqs.a12b2 =   -3.084802605e-06 ;
kqs.a78b2 =    1.662349664e-05 ;
kqs.a56b2 =   -2.541003736e-05 ;
dq =     0.001178812438 ;
