kqs.r7b1 =   -3.009530115e-06 ;
kqs.r5b1 =   -1.537926364e-05 ;
kqs.r1b1 =   -2.629364906e-05 ;
kqs.l8b1 =   -3.009530115e-06 ;
kqs.l6b1 =   -1.537926364e-05 ;
kqs.l2b1 =   -2.629364906e-05 ;
kqs.a81b1 =     4.04540422e-05 ;
kqs.a67b1 =   -1.018892445e-05 ;
kqs.a45b1 =     1.38497863e-06 ;
kqs.a23b1 =    2.318904338e-05 ;
dq =     0.001214304618 ;
