kqs.r7b1 =    2.864724206e-05 ;
kqs.r5b1 =    7.910558598e-05 ;
kqs.r1b1 =    1.731506474e-06 ;
kqs.l8b1 =    2.864724206e-05 ;
kqs.l6b1 =    7.910558598e-05 ;
kqs.l2b1 =    1.731506474e-06 ;
kqs.a81b1 =   -1.414778309e-05 ;
kqs.a67b1 =    2.551346629e-05 ;
kqs.a45b1 =    -1.03776552e-05 ;
kqs.a23b1 =   -1.116645996e-05 ;
dq =    -0.001265597804 ;
