kqs.r7b1 =    6.893305388e-06 ;
kqs.r5b1 =   -4.629067096e-05 ;
kqs.r1b1 =    8.081702426e-06 ;
kqs.l8b1 =    6.893305388e-06 ;
kqs.l6b1 =   -4.629067096e-05 ;
kqs.l2b1 =    8.081702426e-06 ;
kqs.a81b1 =   -6.806045238e-05 ;
kqs.a67b1 =    2.221006714e-05 ;
kqs.a45b1 =   -3.726481907e-05 ;
kqs.a23b1 =     2.12103483e-05 ;
dq =     0.001248670427 ;
