kqs.r7b1 =    1.787070344e-05 ;
kqs.r5b1 =    1.812001483e-05 ;
kqs.r1b1 =    1.676094339e-05 ;
kqs.l8b1 =    1.787070344e-05 ;
kqs.l6b1 =    1.812001483e-05 ;
kqs.l2b1 =    1.676094339e-05 ;
kqs.a81b1 =   -3.470455414e-05 ;
kqs.a67b1 =    2.911450143e-05 ;
kqs.a45b1 =   -1.081011632e-05 ;
kqs.a23b1 =   -2.311852247e-05 ;
dq =    -0.001191028401 ;
