kqs.r7b1 =    1.810351182e-06 ;
kqs.r5b1 =    -4.47841541e-05 ;
kqs.r1b1 =   -3.639539022e-06 ;
kqs.l8b1 =    1.810351182e-06 ;
kqs.l6b1 =    -4.47841541e-05 ;
kqs.l2b1 =   -3.639539022e-06 ;
kqs.a81b1 =    1.843646746e-06 ;
kqs.a67b1 =   -6.774070935e-07 ;
kqs.a45b1 =    2.044897712e-05 ;
kqs.a23b1 =    2.961519106e-05 ;
dq =     0.001186030921 ;
