kqs.r7b1 =   -3.584470736e-07 ;
kqs.r5b1 =   -3.133525914e-05 ;
kqs.r1b1 =    1.953975615e-05 ;
kqs.l8b1 =   -3.584470736e-07 ;
kqs.l6b1 =   -3.133525914e-05 ;
kqs.l2b1 =    1.953975615e-05 ;
kqs.a81b1 =    2.229502703e-05 ;
kqs.a67b1 =   -9.517467259e-06 ;
kqs.a45b1 =    2.587953347e-05 ;
kqs.a23b1 =    5.240748972e-06 ;
dq =    -0.001190844088 ;
