kqs.r7b1 =    1.307992692e-05 ;
kqs.r5b1 =    2.101237396e-05 ;
kqs.r1b1 =    2.177509557e-05 ;
kqs.l8b1 =    1.307992692e-05 ;
kqs.l6b1 =    2.101237396e-05 ;
kqs.l2b1 =    2.177509557e-05 ;
kqs.a81b1 =   -2.654845976e-05 ;
kqs.a67b1 =     1.86822496e-05 ;
kqs.a45b1 =   -1.628134984e-05 ;
kqs.a23b1 =   -3.229637814e-05 ;
dq =     0.001123341427 ;
