kqs.r2b2 =    1.703353246e-05 ;
kqs.r4b2 =   -1.074892612e-05 ;
kqs.r6b2 =   -1.339824989e-05 ;
kqs.r8b2 =    1.549299358e-05 ;
kqs.l1b2 =    1.549299358e-05 ;
kqs.l3b2 =    1.703353246e-05 ;
kqs.l5b2 =   -1.074892612e-05 ;
kqs.l7b2 =   -1.339824989e-05 ;
kqs.a12b2 =   -3.908120549e-05 ;
kqs.a78b2 =   -8.588384378e-06 ;
kqs.a56b2 =   -1.762274563e-06 ;
dq =    -0.001198768316 ;
