kqs.r7b1 =    2.009417605e-05 ;
kqs.r5b1 =   -3.639480362e-05 ;
kqs.r1b1 =   -3.123015619e-06 ;
kqs.l8b1 =    2.009417605e-05 ;
kqs.l6b1 =   -3.639480362e-05 ;
kqs.l2b1 =   -3.123015619e-06 ;
kqs.a81b1 =   -1.612556143e-05 ;
kqs.a67b1 =    1.157804747e-05 ;
kqs.a45b1 =   -2.567034569e-06 ;
kqs.a23b1 =   -4.555424701e-06 ;
dq =     0.001221864825 ;
