kqs.r2b2 =    1.277486288e-05 ;
kqs.r4b2 =    1.191566018e-05 ;
kqs.r6b2 =   -5.835974236e-05 ;
kqs.r8b2 =    2.619597421e-05 ;
kqs.l1b2 =    2.619597421e-05 ;
kqs.l3b2 =    1.277486288e-05 ;
kqs.l5b2 =    1.191566018e-05 ;
kqs.l7b2 =   -5.835974236e-05 ;
kqs.a12b2 =     4.80787791e-05 ;
kqs.a78b2 =   -6.934012116e-05 ;
kqs.a56b2 =   -6.784307224e-05 ;
dq =      0.00111646611 ;
