kqs.r7b1 =   -5.172573144e-06 ;
kqs.r5b1 =    4.269127842e-05 ;
kqs.r1b1 =    4.629634109e-06 ;
kqs.l8b1 =   -5.172573144e-06 ;
kqs.l6b1 =    4.269127842e-05 ;
kqs.l2b1 =    4.629634109e-06 ;
kqs.a81b1 =   -4.980735804e-08 ;
kqs.a67b1 =   -1.485526096e-05 ;
kqs.a45b1 =   -9.769368214e-06 ;
kqs.a23b1 =    4.629204075e-06 ;
dq =    -0.001218834769 ;
