kqs.r2b2 =    2.230915727e-05 ;
kqs.r4b2 =    7.429672811e-06 ;
kqs.r6b2 =   -1.330344495e-05 ;
kqs.r8b2 =    2.515313038e-05 ;
kqs.l1b2 =    2.515313038e-05 ;
kqs.l3b2 =    2.230915727e-05 ;
kqs.l5b2 =    7.429672811e-06 ;
kqs.l7b2 =   -1.330344495e-05 ;
kqs.a12b2 =   -1.385188845e-05 ;
kqs.a78b2 =    1.156407547e-05 ;
kqs.a56b2 =   -1.000072393e-05 ;
dq =    -0.001162807864 ;
