kqs.r7b1 =    1.267833857e-05 ;
kqs.r5b1 =   -1.579312627e-05 ;
kqs.r1b1 =   -2.581846212e-05 ;
kqs.l8b1 =    1.267833857e-05 ;
kqs.l6b1 =   -1.579312627e-05 ;
kqs.l2b1 =   -2.581846212e-05 ;
kqs.a81b1 =    5.614173866e-05 ;
kqs.a67b1 =   -1.007872113e-05 ;
kqs.a45b1 =    4.088221084e-05 ;
kqs.a23b1 =    1.444263767e-05 ;
dq =    -0.001116523798 ;
