kqs.r2b2 =    4.316986013e-05 ;
kqs.r4b2 =    2.795848911e-06 ;
kqs.r6b2 =   -1.205355806e-05 ;
kqs.r8b2 =    3.712183343e-05 ;
kqs.l1b2 =    3.712183343e-05 ;
kqs.l3b2 =    4.316986013e-05 ;
kqs.l5b2 =    2.795848911e-06 ;
kqs.l7b2 =   -1.205355806e-05 ;
kqs.a12b2 =    2.092592347e-05 ;
kqs.a78b2 =    3.142930291e-05 ;
kqs.a56b2 =   -2.788519348e-05 ;
dq =      0.00121839081 ;
