kqs.r7b1 =   -1.177730703e-05 ;
kqs.r5b1 =    4.444677642e-05 ;
kqs.r1b1 =    1.692740368e-05 ;
kqs.l8b1 =   -1.177730703e-05 ;
kqs.l6b1 =    4.444677642e-05 ;
kqs.l2b1 =    1.692740368e-05 ;
kqs.a81b1 =   -3.268381259e-05 ;
kqs.a67b1 =   -2.695229044e-06 ;
kqs.a45b1 =   -2.429743549e-05 ;
kqs.a23b1 =   -4.040751922e-05 ;
dq =     0.001168966654 ;
