cminusreal= 0.00579303263458 ;
cminusimag= 0.002887804586 ;
cplusreal= -2.94343826564e-05 ;
cplusimag= 0.000638572226467 ;
