KQTD.A12B1=0.000202725+KQTD.A12B1;
KQTD.A23B1=-0.000116095+KQTD.A23B1;
KQTD.A34B1=-0.000037489+KQTD.A34B1;
KQTD.A45B1=0.0000711343+KQTD.A45B1;
KQTD.A56B1=-0.000038266+KQTD.A56B1;
KQTD.A67B1=-0.0000483736+KQTD.A67B1;
KQTD.A78B1=0.0000945199+KQTD.A78B1;
KQTD.A81B1=-0.0000519288+KQTD.A81B1;
KQTF.A12B1=0.000161446+KQTF.A12B1;
KQTF.A23B1=0.000126065+KQTF.A23B1;
KQTF.A34B1=-0.000196903+KQTF.A34B1;
KQTF.A45B1=-0.000130757+KQTF.A45B1;
KQTF.A56B1=-0.00010922+KQTF.A56B1;
KQTF.A67B1=-0.0000229905+KQTF.A67B1;
KQTF.A78B1=-0.0000413293+KQTF.A78B1;
KQTF.A81B1=0.000163734+KQTF.A81B1;
KQT12.L1B1=-0.0000150999+KQT12.L1B1;
KQT13.L1B1=-0.000147892+KQT13.L1B1;
KQT12.R1B1=-0.000532493+KQT12.R1B1;
KQT13.R1B1=0.000442979+KQT13.R1B1;
KQT12.L2B1=0.000433241+KQT12.L2B1;
KQT12.R2B1=0.000139641+KQT12.R2B1;
KQT13.L2B1=0.000211037+KQT13.L2B1;
KQT13.R2B1=-0.0000132917+KQT13.R2B1;
KQT13.L3B1=-0.0000138305+KQT13.L3B1;
KQT12.L3B1=-0.000120164+KQT12.L3B1;
KQT12.R3B1=0.000294897+KQT12.R3B1;
KQT13.R3B1=-0.000220757+KQT13.R3B1;
KQT13.L4B1=-0.000117071+KQT13.L4B1;
KQT12.L4B1=0.000157808+KQT12.L4B1;
KQT12.R4B1=-0.0000545773+KQT12.R4B1;
KQT13.R4B1=0.0000847068+KQT13.R4B1;
KQT12.L5B1=0.000092257+KQT12.L5B1;
KQT13.L5B1=-0.00043093+KQT13.L5B1;
KQT12.R5B1=-0.000309618+KQT12.R5B1;
KQT13.R5B1=0.000192057+KQT13.R5B1;
KQT12.L6B1=0.000021346+KQT12.L6B1;
KQT13.L6B1=0.000131724+KQT13.L6B1;
KQT12.R6B1=-0.0000553188+KQT12.R6B1;
KQT13.R6B1=0.0000626466+KQT13.R6B1;
KQT13.L7B1=-0.000115177+KQT13.L7B1;
KQT12.L7B1=0.0000440394+KQT12.L7B1;
KQT12.R7B1=0.0000281235+KQT12.R7B1;
KQT13.R7B1=-0.000138955+KQT13.R7B1;
KQT12.L8B1=0.0000109337+KQT12.L8B1;
KQT13.L8B1=-0.000123718+KQT13.L8B1;
KQT12.R8B1=-0.0000250035+KQT12.R8B1;
KQT13.R8B1=-0.000162248+KQT13.R8B1;
KQTD.A12B2=0.000164074 + KQTD.A12B2;
KQTD.A23B2=0.000254534 + KQTD.A23B2;
KQTD.A34B2=-0.0000119547 + KQTD.A34B2;
KQTD.A45B2=-0.000227999 + KQTD.A45B2;
KQTD.A56B2=0.000189946 + KQTD.A56B2;
KQTD.A67B2=-0.0000960858 + KQTD.A67B2;
KQTD.A78B2=-0.0000391756 + KQTD.A78B2;
KQTD.A81B2=-0.000159949 + KQTD.A81B2;
KQTF.A12B2=0.0000174757 + KQTF.A12B2;
KQTF.A23B2=0.0000518447 + KQTF.A23B2;
KQTF.A34B2=0.0000374666 + KQTF.A34B2;
KQTF.A45B2=-0.0000513084 + KQTF.A45B2;
KQTF.A56B2=-0.000203884 + KQTF.A56B2;
KQTF.A67B2=-0.0000483152 + KQTF.A67B2;
KQTF.A78B2=0.000109239 + KQTF.A78B2;
KQTF.A81B2=-0.000016609 + KQTF.A81B2;
KQT12.L1B2=-0.00014081 + KQT12.L1B2;
KQT13.L1B2=0.000179621 + KQT13.L1B2;
KQT12.R1B2=0.000147873 + KQT12.R1B2;
KQT13.R1B2=-0.000464134 + KQT13.R1B2;
KQT12.L2B2=-0.0000900264 + KQT12.L2B2;
KQT12.R2B2=0.000118425 + KQT12.R2B2;
KQT13.L2B2=0.000142424 + KQT13.L2B2;
KQT13.R2B2=0.0000629275 + KQT13.R2B2;
KQT13.L3B2=0.0000589176 + KQT13.L3B2;
KQT12.L3B2=0.000245689 + KQT12.L3B2;
KQT12.R3B2=KQT12.R3B2;
KQT13.R3B2=-0.00016838 + KQT13.R3B2;
KQT13.L4B2=0.000175794 + KQT13.L4B2;
KQT12.L4B2=KQT12.L4B2;
KQT12.R4B2=-0.000119937 + KQT12.R4B2;
KQT13.R4B2=0.000131793 + KQT13.R4B2;
KQT12.L5B2=-0.000114716 + KQT12.L5B2;
KQT13.L5B2=0.00014965 + KQT13.L5B2;
KQT12.R5B2=0.0000384597 + KQT12.R5B2;
KQT13.R5B2=-0.000266106 + KQT13.R5B2;
KQT12.L6B2=0.0000327744 + KQT12.L6B2;
KQT13.L6B2=-0.000187049 + KQT13.L6B2;
KQT12.R6B2=-0.000105746 + KQT12.R6B2;
KQT13.R6B2=-0.0000358946 + KQT13.R6B2;
KQT13.L7B2=-0.0000548999 + KQT13.L7B2;
KQT12.L7B2=-0.0000633059 + KQT12.L7B2;
KQT12.R7B2=0.0000821073 + KQT12.R7B2;
KQT13.R7B2=-0.000037005 + KQT13.R7B2;
KQT12.L8B2=-0.0000664381 + KQT12.L8B2;
KQT13.L8B2=0.000465661 + KQT13.L8B2;
KQT12.R8B2=-0.0000917396 + KQT12.R8B2;
KQT13.R8B2=0.000170013 + KQT13.R8B2;
return;