KQTD.A12B1=0.000328849+KQTD.A12B1;
KQTD.A23B1=-0.000200352+KQTD.A23B1;
KQTD.A34B1=-0.0000519847+KQTD.A34B1;
KQTD.A45B1=0.0000336641+KQTD.A45B1;
KQTD.A56B1=0.0000228122+KQTD.A56B1;
KQTD.A67B1=-0.0000552628+KQTD.A67B1;
KQTD.A78B1=0.000120089+KQTD.A78B1;
KQTD.A81B1=-0.000111461+KQTD.A81B1;
KQTF.A12B1=0.000183928+KQTF.A12B1;
KQTF.A23B1=0.000112881+KQTF.A23B1;
KQTF.A34B1=-0.000268277+KQTF.A34B1;
KQTF.A45B1=-0.000106989+KQTF.A45B1;
KQTF.A56B1=-0.000132491+KQTF.A56B1;
KQTF.A67B1=-0.000021162+KQTF.A67B1;
KQTF.A78B1=-0.0000339341+KQTF.A78B1;
KQTF.A81B1=0.00019427+KQTF.A81B1;
KQT12.L1B1=-0.0000219551+KQT12.L1B1;
KQT13.L1B1=-0.00014726+KQT13.L1B1;
KQT12.R1B1=-0.000803549+KQT12.R1B1;
KQT13.R1B1=0.000654097+KQT13.R1B1;
KQT12.L2B1=0.000572121+KQT12.L2B1;
KQT12.R2B1=0.00020052+KQT12.R2B1;
KQT13.L2B1=0.000273116+KQT13.L2B1;
KQT13.R2B1=-0.0000116806+KQT13.R2B1;
KQT13.L3B1=-0.0000604233+KQT13.L3B1;
KQT12.L3B1=-0.00019945+KQT12.L3B1;
KQT12.R3B1=0.000375585+KQT12.R3B1;
KQT13.R3B1=-0.000309632+KQT13.R3B1;
KQT13.L4B1=-0.000153637+KQT13.L4B1;
KQT12.L4B1=0.000199539+KQT12.L4B1;
KQT12.R4B1=-0.0000967239+KQT12.R4B1;
KQT13.R4B1=0.000181546+KQT13.R4B1;
KQT12.L5B1=0.000134747+KQT12.L5B1;
KQT13.L5B1=-0.000606937+KQT13.L5B1;
KQT12.R5B1=-0.000395831+KQT12.R5B1;
KQT13.R5B1=0.000270715+KQT13.R5B1;
KQT12.L6B1=0.0000651023+KQT12.L6B1;
KQT13.L6B1=0.000193234+KQT13.L6B1;
KQT12.R6B1=-0.0000542441+KQT12.R6B1;
KQT13.R6B1=0.0000497993+KQT13.R6B1;
KQT13.L7B1=-0.000103224+KQT13.L7B1;
KQT12.L7B1=0.0000367588+KQT12.L7B1;
KQT12.R7B1=0.0000828701+KQT12.R7B1;
KQT13.R7B1=-0.000172804+KQT13.R7B1;
KQT12.L8B1=0.0000146425+KQT12.L8B1;
KQT13.L8B1=-0.000141667+KQT13.L8B1;
KQT12.R8B1=-0.0000537677+KQT12.R8B1;
KQT13.R8B1=-0.000126909+KQT13.R8B1;
KQTD.A12B2=0.000186005 + KQTD.A12B2;
KQTD.A23B2=0.000343017 + KQTD.A23B2;
KQTD.A34B2=KQTD.A34B2;
KQTD.A45B2=-0.000266771 + KQTD.A45B2;
KQTD.A56B2=0.000217493 + KQTD.A56B2;
KQTD.A67B2=-0.000127838 + KQTD.A67B2;
KQTD.A78B2=-0.000044557 + KQTD.A78B2;
KQTD.A81B2=-0.000181814 + KQTD.A81B2;
KQTF.A12B2=0.0000426297 + KQTF.A12B2;
KQTF.A23B2=0.000043841 + KQTF.A23B2;
KQTF.A34B2=0.0000166837 + KQTF.A34B2;
KQTF.A45B2=-0.0000804727 + KQTF.A45B2;
KQTF.A56B2=-0.000230844 + KQTF.A56B2;
KQTF.A67B2=-0.000050665 + KQTF.A67B2;
KQTF.A78B2=0.000109572 + KQTF.A78B2;
KQTF.A81B2=KQTF.A81B2;
KQT12.L1B2=-0.000210187 + KQT12.L1B2;
KQT13.L1B2=0.000246026 + KQT13.L1B2;
KQT12.R1B2=0.000230891 + KQT12.R1B2;
KQT13.R1B2=-0.000664196 + KQT13.R1B2;
KQT12.L2B2=-0.000148034 + KQT12.L2B2;
KQT12.R2B2=0.000101349 + KQT12.R2B2;
KQT13.L2B2=0.000253891 + KQT13.L2B2;
KQT13.R2B2=0.0000980136 + KQT13.R2B2;
KQT13.L3B2=0.000105717 + KQT13.L3B2;
KQT12.L3B2=0.000309424 + KQT12.L3B2;
KQT12.R3B2=KQT12.R3B2;
KQT13.R3B2=-0.000217793 + KQT13.R3B2;
KQT13.L4B2=0.000201599 + KQT13.L4B2;
KQT12.L4B2=KQT12.L4B2;
KQT12.R4B2=-0.000148101 + KQT12.R4B2;
KQT13.R4B2=0.000194374 + KQT13.R4B2;
KQT12.L5B2=-0.000178634 + KQT12.L5B2;
KQT13.L5B2=0.000226752 + KQT13.L5B2;
KQT12.R5B2=0.0000787369 + KQT12.R5B2;
KQT13.R5B2=-0.000416632 + KQT13.R5B2;
KQT12.L6B2=0.0000319392 + KQT12.L6B2;
KQT13.L6B2=-0.000203791 + KQT13.L6B2;
KQT12.R6B2=-0.000129164 + KQT12.R6B2;
KQT13.R6B2=-0.0000399381 + KQT13.R6B2;
KQT13.L7B2=-0.000062176 + KQT13.L7B2;
KQT12.L7B2=-0.0000942183 + KQT12.L7B2;
KQT12.R7B2=0.0000973739 + KQT12.R7B2;
KQT13.R7B2=-0.0000446653 + KQT13.R7B2;
KQT12.L8B2=-0.0000793341 + KQT12.L8B2;
KQT13.L8B2=0.000560858 + KQT13.L8B2;
KQT12.R8B2=-0.000101665 + KQT12.R8B2;
KQT13.R8B2=0.000237699 + KQT13.R8B2;
return;