KQTD.A12B1=-0.0000408704 + KQTD.A12B1;
KQTD.A23B1=0.0000229886 + KQTD.A23B1;
KQTD.A34B1=0.000022996 + KQTD.A34B1;
KQTD.A45B1=-0.000114057 + KQTD.A45B1;
KQTD.A56B1=0.0000991416 + KQTD.A56B1;
KQTD.A67B1=0.0000252788 + KQTD.A67B1;
KQTD.A78B1=-0.0000721659 + KQTD.A78B1;
KQTD.A81B1=KQTD.A81B1;
KQTF.A12B1=-0.00011175 + KQTF.A12B1;
KQTF.A23B1=-0.000113705 + KQTF.A23B1;
KQTF.A34B1=0.0000868053 + KQTF.A34B1;
KQTF.A45B1=0.000152949 + KQTF.A45B1;
KQTF.A56B1=0.0000766632 + KQTF.A56B1;
KQTF.A67B1=KQTF.A67B1;
KQTF.A78B1=0.0000461403 + KQTF.A78B1;
KQTF.A81B1=-0.000133641 + KQTF.A81B1;
KQT12.L1B1=0.0000188819 + KQT12.L1B1;
KQT13.L1B1=0.0000888233 + KQT13.L1B1;
KQT12.R1B1=0.000260023 + KQT12.R1B1;
KQT13.R1B1=-0.000204144 + KQT13.R1B1;
KQT12.L2B1=-0.000270421 + KQT12.L2B1;
KQT12.R2B1=-0.0000640099 + KQT12.R2B1;
KQT13.L2B1=-0.000102311 + KQT13.L2B1;
KQT13.R2B1=KQT13.R2B1;
KQT13.L3B1=-0.0000106915 + KQT13.L3B1;
KQT12.L3B1=0.0000423264 + KQT12.L3B1;
KQT12.R3B1=-0.000176125 + KQT12.R3B1;
KQT13.R3B1=0.00012515 + KQT13.R3B1;
KQT13.L4B1=0.000075467 + KQT13.L4B1;
KQT12.L4B1=-0.0000861732 + KQT12.L4B1;
KQT12.R4B1=KQT12.R4B1;
KQT13.R4B1=0.0000374664 + KQT13.R4B1;
KQT12.L5B1=-0.0000364957 + KQT12.L5B1;
KQT13.L5B1=0.000214906 + KQT13.L5B1;
KQT12.R5B1=0.000168389 + KQT12.R5B1;
KQT13.R5B1=-0.0000808831 + KQT13.R5B1;
KQT12.L6B1=0.0000213955 + KQT12.L6B1;
KQT13.L6B1=-0.0000484912 + KQT13.L6B1;
KQT12.R6B1=0.000051139 + KQT12.R6B1;
KQT13.R6B1=-0.0000789371 + KQT13.R6B1;
KQT13.L7B1=0.000126389 + KQT13.L7B1;
KQT12.L7B1=-0.0000500086 + KQT12.L7B1;
KQT12.R7B1=0.0000298326 + KQT12.R7B1;
KQT13.R7B1=0.0000973496 + KQT13.R7B1;
KQT12.L8B1=-0.0000196756 + KQT12.L8B1;
KQT13.L8B1=0.000101084 + KQT13.L8B1;
KQT12.R8B1=-0.0000106528 + KQT12.R8B1;
KQT13.R8B1=0.000206436 + KQT13.R8B1;
KQTD.A12B2=-0.000119209 + KQTD.A12B2;
KQTD.A23B2=-0.000140779 + KQTD.A23B2;
KQTD.A34B2=0.0000150509 + KQTD.A34B2;
KQTD.A45B2=0.000170099 + KQTD.A45B2;
KQTD.A56B2=-0.000142001 + KQTD.A56B2;
KQTD.A67B2=0.0000531222 + KQTD.A67B2;
KQTD.A78B2=0.0000348375 + KQTD.A78B2;
KQTD.A81B2=0.000111617 + KQTD.A81B2;
KQTF.A12B2=0.0000226181 + KQTF.A12B2;
KQTF.A23B2=-0.0000432658 + KQTF.A23B2;
KQTF.A34B2=-0.0000481386 + KQTF.A34B2;
KQTF.A45B2=0.0000179208 + KQTF.A45B2;
KQTF.A56B2=0.000161823 + KQTF.A56B2;
KQTF.A67B2=0.0000396832 + KQTF.A67B2;
KQTF.A78B2=-0.000105772 + KQTF.A78B2;
KQTF.A81B2=KQTF.A81B2;
KQT12.L1B2=0.0000325185 + KQT12.L1B2;
KQT13.L1B2=-0.0000890952 + KQT13.L1B2;
KQT12.R1B2=-0.0000555444 + KQT12.R1B2;
KQT13.R1B2=0.000218635 + KQT13.R1B2;
KQT12.L2B2=0.000029486 + KQT12.L2B2;
KQT12.R2B2=-0.000096257 + KQT12.R2B2;
KQT13.L2B2=-0.0000266373 + KQT13.L2B2;
KQT13.R2B2=-0.000023955 + KQT13.R2B2;
KQT13.L3B2=-0.0000105792 + KQT13.L3B2;
KQT12.L3B2=-0.000162007 + KQT12.L3B2;
KQT12.R3B2=KQT12.R3B2;
KQT13.R3B2=0.000107967 + KQT13.R3B2;
KQT13.L4B2=-0.000136914 + KQT13.L4B2;
KQT12.L4B2=KQT12.L4B2;
KQT12.R4B2=0.0000790645 + KQT12.R4B2;
KQT13.R4B2=-0.0000464722 + KQT13.R4B2;
KQT12.L5B2=0.0000179285 + KQT12.L5B2;
KQT13.L5B2=-0.0000458192 + KQT13.L5B2;
KQT12.R5B2=KQT12.R5B2;
KQT13.R5B2=0.0000929638 + KQT13.R5B2;
KQT12.L6B2=-0.0000381815 + KQT12.L6B2;
KQT13.L6B2=0.000160151 + KQT13.L6B2;
KQT12.R6B2=0.0000720246 + KQT12.R6B2;
KQT13.R6B2=0.0000259494 + KQT13.R6B2;
KQT13.L7B2=0.0000406236 + KQT13.L7B2;
KQT12.L7B2=0.0000243102 + KQT12.L7B2;
KQT12.R7B2=-0.0000647091 + KQT12.R7B2;
KQT13.R7B2=0.000029367 + KQT13.R7B2;
KQT12.L8B2=0.0000544178 + KQT12.L8B2;
KQT13.L8B2=-0.000369267 + KQT13.L8B2;
KQT12.R8B2=0.0000673582 + KQT12.R8B2;
KQT13.R8B2=-0.0000943454 + KQT13.R8B2;
return;