KQTD.A12B1=-0.00020312+KQTD.A12B1;
KQTD.A23B1=0.000115453+KQTD.A23B1;
KQTD.A34B1=0.0000371786+KQTD.A34B1;
KQTD.A45B1=-0.0000719049+KQTD.A45B1;
KQTD.A56B1=0.0000379429+KQTD.A56B1;
KQTD.A67B1=0.000047768+KQTD.A67B1;
KQTD.A78B1=-0.0000949863+KQTD.A78B1;
KQTD.A81B1=0.0000512353+KQTD.A81B1;
KQTF.A12B1=-0.000162401+KQTF.A12B1;
KQTF.A23B1=-0.000126673+KQTF.A23B1;
KQTF.A34B1=0.000196323+KQTF.A34B1;
KQTF.A45B1=0.000130298+KQTF.A45B1;
KQTF.A56B1=0.000108556+KQTF.A56B1;
KQTF.A67B1=0.0000225617+KQTF.A67B1;
KQTF.A78B1=0.0000410334+KQTF.A78B1;
KQTF.A81B1=-0.000164435+KQTF.A81B1;
KQT12.L1B1=0.0000151444+KQT12.L1B1;
KQT13.L1B1=0.000147983+KQT13.L1B1;
KQT12.R1B1=0.000532112+KQT12.R1B1;
KQT13.R1B1=-0.000443138+KQT13.R1B1;
KQT12.L2B1=-0.000433487+KQT12.L2B1;
KQT12.R2B1=-0.000139505+KQT12.R2B1;
KQT13.L2B1=-0.000210977+KQT13.L2B1;
KQT13.R2B1=0.000013273+KQT13.R2B1;
KQT13.L3B1=0.0000131811+KQT13.L3B1;
KQT12.L3B1=0.00011977+KQT12.L3B1;
KQT12.R3B1=-0.000295334+KQT12.R3B1;
KQT13.R3B1=0.000220522+KQT13.R3B1;
KQT13.L4B1=0.000116904+KQT13.L4B1;
KQT12.L4B1=-0.000157885+KQT12.L4B1;
KQT12.R4B1=0.0000546924+KQT12.R4B1;
KQT13.R4B1=-0.0000847793+KQT13.R4B1;
KQT12.L5B1=-0.0000922676+KQT12.L5B1;
KQT13.L5B1=0.000431157+KQT13.L5B1;
KQT12.R5B1=0.000309076+KQT12.R5B1;
KQT13.R5B1=-0.000191957+KQT13.R5B1;
KQT12.L6B1=-0.0000215332+KQT12.L6B1;
KQT13.L6B1=-0.000131902+KQT13.L6B1;
KQT12.R6B1=0.00005516+KQT12.R6B1;
KQT13.R6B1=-0.0000627687+KQT13.R6B1;
KQT13.L7B1=0.000115008+KQT13.L7B1;
KQT12.L7B1=-0.0000441139+KQT12.L7B1;
KQT12.R7B1=-0.0000282686+KQT12.R7B1;
KQT13.R7B1=0.000138738+KQT13.R7B1;
KQT12.L8B1=-0.0000111427+KQT12.L8B1;
KQT13.L8B1=0.00012371+KQT13.L8B1;
KQT12.R8B1=0.0000251387+KQT12.R8B1;
KQT13.R8B1=0.000162001+KQT13.R8B1;
KQTD.A12B2=-0.000164765 + KQTD.A12B2;
KQTD.A23B2=-0.00025489 + KQTD.A23B2;
KQTD.A34B2=0.0000112301 + KQTD.A34B2;
KQTD.A45B2=0.000227549 + KQTD.A45B2;
KQTD.A56B2=-0.000190683 + KQTD.A56B2;
KQTD.A67B2=0.0000957292 + KQTD.A67B2;
KQTD.A78B2=0.0000385383 + KQTD.A78B2;
KQTD.A81B2=0.000159561 + KQTD.A81B2;
KQTF.A12B2=-0.0000179827 + KQTF.A12B2;
KQTF.A23B2=-0.000052887 + KQTF.A23B2;
KQTF.A34B2=-0.0000382046 + KQTF.A34B2;
KQTF.A45B2=0.0000506616 + KQTF.A45B2;
KQTF.A56B2=0.000203314 + KQTF.A56B2;
KQTF.A67B2=0.0000482847 + KQTF.A67B2;
KQTF.A78B2=-0.000109727 + KQTF.A78B2;
KQTF.A81B2=0.0000159423 + KQTF.A81B2;
KQT12.L1B2=0.000140402 + KQT12.L1B2;
KQT13.L1B2=-0.000179429 + KQT13.L1B2;
KQT12.R1B2=-0.00014809 + KQT12.R1B2;
KQT13.R1B2=0.000464196 + KQT13.R1B2;
KQT12.L2B2=0.0000900676 + KQT12.L2B2;
KQT12.R2B2=-0.000118356 + KQT12.R2B2;
KQT13.L2B2=-0.000142162 + KQT13.L2B2;
KQT13.R2B2=-0.00006291 + KQT13.R2B2;
KQT13.L3B2=-0.0000592179 + KQT13.L3B2;
KQT12.L3B2=-0.000245812 + KQT12.L3B2;
KQT12.R3B2=KQT12.R3B2;
KQT13.R3B2=0.000168205 + KQT13.R3B2;
KQT13.L4B2=-0.000176239 + KQT13.L4B2;
KQT12.L4B2=KQT12.L4B2;
KQT12.R4B2=0.000119579 + KQT12.R4B2;
KQT13.R4B2=-0.000132125 + KQT13.R4B2;
KQT12.L5B2=0.000114305 + KQT12.L5B2;
KQT13.L5B2=-0.000149699 + KQT13.L5B2;
KQT12.R5B2=-0.0000384096 + KQT12.R5B2;
KQT13.R5B2=0.000266095 + KQT13.R5B2;
KQT12.L6B2=-0.0000326882 + KQT12.L6B2;
KQT13.L6B2=0.000187236 + KQT13.L6B2;
KQT12.R6B2=0.000105576 + KQT12.R6B2;
KQT13.R6B2=0.0000359756 + KQT13.R6B2;
KQT13.L7B2=0.000054965 + KQT13.L7B2;
KQT12.L7B2=0.000063199 + KQT12.L7B2;
KQT12.R7B2=-0.0000820903 + KQT12.R7B2;
KQT13.R7B2=0.0000367183 + KQT13.R7B2;
KQT12.L8B2=0.000066162 + KQT12.L8B2;
KQT13.L8B2=-0.000465671 + KQT13.L8B2;
KQT12.R8B2=0.0000915429 + KQT12.R8B2;
KQT13.R8B2=-0.000170057 + KQT13.R8B2;
return;