KQTD.A12B1=-0.000329247+KQTD.A12B1;
KQTD.A23B1=0.000199749+KQTD.A23B1;
KQTD.A34B1=0.0000516616+KQTD.A34B1;
KQTD.A45B1=-0.000034456+KQTD.A45B1;
KQTD.A56B1=-0.0000231085+KQTD.A56B1;
KQTD.A67B1=0.0000546528+KQTD.A67B1;
KQTD.A78B1=-0.000120554+KQTD.A78B1;
KQTD.A81B1=0.000110739+KQTD.A81B1;
KQTF.A12B1=-0.000185002+KQTF.A12B1;
KQTF.A23B1=-0.000113436+KQTF.A23B1;
KQTF.A34B1=0.00026784+KQTF.A34B1;
KQTF.A45B1=0.000106531+KQTF.A45B1;
KQTF.A56B1=0.000131634+KQTF.A56B1;
KQTF.A67B1=0.0000207821+KQTF.A67B1;
KQTF.A78B1=0.000033678+KQTF.A78B1;
KQTF.A81B1=-0.000194943+KQTF.A81B1;
KQT12.L1B1=0.000022068+KQT12.L1B1;
KQT13.L1B1=0.000147256+KQT13.L1B1;
KQT12.R1B1=0.000803292+KQT12.R1B1;
KQT13.R1B1=-0.000654376+KQT13.R1B1;
KQT12.L2B1=-0.000572323+KQT12.L2B1;
KQT12.R2B1=-0.00020039+KQT12.R2B1;
KQT13.L2B1=-0.000273013+KQT13.L2B1;
KQT13.R2B1=0.000011674+KQT13.R2B1;
KQT13.L3B1=0.0000597463+KQT13.L3B1;
KQT12.L3B1=0.000199018+KQT12.L3B1;
KQT12.R3B1=-0.000376092+KQT12.R3B1;
KQT13.R3B1=0.000309435+KQT13.R3B1;
KQT13.L4B1=0.000153491+KQT13.L4B1;
KQT12.L4B1=-0.000199653+KQT12.L4B1;
KQT12.R4B1=0.000096877+KQT12.R4B1;
KQT13.R4B1=-0.000181683+KQT13.R4B1;
KQT12.L5B1=-0.000134723+KQT12.L5B1;
KQT13.L5B1=0.000607145+KQT13.L5B1;
KQT12.R5B1=0.000395354+KQT12.R5B1;
KQT13.R5B1=-0.000270575+KQT13.R5B1;
KQT12.L6B1=-0.0000652301+KQT12.L6B1;
KQT13.L6B1=-0.000193513+KQT13.L6B1;
KQT12.R6B1=0.0000540645+KQT12.R6B1;
KQT13.R6B1=-0.0000499574+KQT13.R6B1;
KQT13.L7B1=0.000103103+KQT13.L7B1;
KQT12.L7B1=-0.0000368607+KQT12.L7B1;
KQT12.R7B1=-0.0000829847+KQT12.R7B1;
KQT13.R7B1=0.000172561+KQT13.R7B1;
KQT12.L8B1=-0.000014839+KQT12.L8B1;
KQT13.L8B1=0.000141684+KQT13.L8B1;
KQT12.R8B1=0.0000539114+KQT12.R8B1;
KQT13.R8B1=0.000126641+KQT13.R8B1;
KQTD.A12B2=-0.000186685 + KQTD.A12B2;
KQTD.A23B2=-0.000343405 + KQTD.A23B2;
KQTD.A34B2=KQTD.A34B2;
KQTD.A45B2=0.000266335 + KQTD.A45B2;
KQTD.A56B2=-0.000218268 + KQTD.A56B2;
KQTD.A67B2=0.000127475 + KQTD.A67B2;
KQTD.A78B2=0.0000439008 + KQTD.A78B2;
KQTD.A81B2=0.000181457 + KQTD.A81B2;
KQTF.A12B2=-0.0000430583 + KQTF.A12B2;
KQTF.A23B2=-0.0000448482 + KQTF.A23B2;
KQTF.A34B2=-0.0000174143 + KQTF.A34B2;
KQTF.A45B2=0.0000797653 + KQTF.A45B2;
KQTF.A56B2=0.000230335 + KQTF.A56B2;
KQTF.A67B2=0.0000506571 + KQTF.A67B2;
KQTF.A78B2=-0.000110029 + KQTF.A78B2;
KQTF.A81B2=KQTF.A81B2;
KQT12.L1B2=0.000209908 + KQT12.L1B2;
KQT13.L1B2=-0.000245781 + KQT13.L1B2;
KQT12.R1B2=-0.000231138 + KQT12.R1B2;
KQT13.R1B2=0.000664193 + KQT13.R1B2;
KQT12.L2B2=0.000148104 + KQT12.L2B2;
KQT12.R2B2=-0.000101264 + KQT12.R2B2;
KQT13.L2B2=-0.000253643 + KQT13.L2B2;
KQT13.R2B2=-0.0000979366 + KQT13.R2B2;
KQT13.L3B2=-0.000106078 + KQT13.L3B2;
KQT12.L3B2=-0.000309524 + KQT12.L3B2;
KQT12.R3B2=KQT12.R3B2;
KQT13.R3B2=0.000217642 + KQT13.R3B2;
KQT13.L4B2=-0.000202038 + KQT13.L4B2;
KQT12.L4B2=KQT12.L4B2;
KQT12.R4B2=0.000147778 + KQT12.R4B2;
KQT13.R4B2=-0.000194723 + KQT13.R4B2;
KQT12.L5B2=0.000178277 + KQT12.L5B2;
KQT13.L5B2=-0.000226724 + KQT13.L5B2;
KQT12.R5B2=-0.0000786579 + KQT12.R5B2;
KQT13.R5B2=0.000416614 + KQT13.R5B2;
KQT12.L6B2=-0.0000318227 + KQT12.L6B2;
KQT13.L6B2=0.000203951 + KQT13.L6B2;
KQT12.R6B2=0.000129028 + KQT12.R6B2;
KQT13.R6B2=0.0000400161 + KQT13.R6B2;
KQT13.L7B2=0.0000622306 + KQT13.L7B2;
KQT12.L7B2=0.0000941368 + KQT12.L7B2;
KQT12.R7B2=-0.000097401 + KQT12.R7B2;
KQT13.R7B2=0.0000444204 + KQT13.R7B2;
KQT12.L8B2=0.000079015 + KQT12.L8B2;
KQT13.L8B2=-0.000560911 + KQT13.L8B2;
KQT12.R8B2=0.00010155 + KQT12.R8B2;
KQT13.R8B2=-0.000237771 + KQT13.R8B2;
return;