KQTD.A12B1=-0.000276427 + KQTD.A12B1;
KQTD.A23B1=0.000161217 + KQTD.A23B1;
KQTD.A34B1=0.0000442219 + KQTD.A34B1;
KQTD.A45B1=-0.0000527353 + KQTD.A45B1;
KQTD.A56B1=KQTD.A56B1;
KQTD.A67B1=0.0000550993 + KQTD.A67B1;
KQTD.A78B1=-0.000116859 + KQTD.A78B1;
KQTD.A81B1=0.0000887236 + KQTD.A81B1;
KQTF.A12B1=-0.00017793 + KQTF.A12B1;
KQTF.A23B1=-0.00011862 + KQTF.A23B1;
KQTF.A34B1=0.000244547 + KQTF.A34B1;
KQTF.A45B1=0.000119494 + KQTF.A45B1;
KQTF.A56B1=0.000123972 + KQTF.A56B1;
KQTF.A67B1=0.0000253701 + KQTF.A67B1;
KQTF.A78B1=0.0000375866 + KQTF.A78B1;
KQTF.A81B1=-0.000198103 + KQTF.A81B1;
KQT12.L1B1=0.0000272355 + KQT12.L1B1;
KQT13.L1B1=0.000143394 + KQT13.L1B1;
KQT12.R1B1=0.000703533 + KQT12.R1B1;
KQT13.R1B1=-0.000562127 + KQT13.R1B1;
KQT12.L2B1=-0.000509907 + KQT12.L2B1;
KQT12.R2B1=-0.000176146 + KQT12.R2B1;
KQT13.L2B1=-0.000244694 + KQT13.L2B1;
KQT13.R2B1=0.0000156012 + KQT13.R2B1;
KQT13.L3B1=0.0000390049 + KQT13.L3B1;
KQT12.L3B1=0.000170387 + KQT12.L3B1;
KQT12.R3B1=-0.000347034 + KQT12.R3B1;
KQT13.R3B1=0.000274276 + KQT13.R3B1;
KQT13.L4B1=0.000139172 + KQT13.L4B1;
KQT12.L4B1=-0.000185157 + KQT12.L4B1;
KQT12.R4B1=0.0000786504 + KQT12.R4B1;
KQT13.R4B1=-0.000143742 + KQT13.R4B1;
KQT12.L5B1=-0.000118003 + KQT12.L5B1;
KQT13.L5B1=0.000534812 + KQT13.L5B1;
KQT12.R5B1=0.000367521 + KQT12.R5B1;
KQT13.R5B1=-0.000241751 + KQT13.R5B1;
KQT12.L6B1=-0.0000486517 + KQT12.L6B1;
KQT13.L6B1=-0.000170236 + KQT13.L6B1;
KQT12.R6B1=0.0000613887 + KQT12.R6B1;
KQT13.R6B1=-0.0000634706 + KQT13.R6B1;
KQT13.L7B1=0.000121482 + KQT13.L7B1;
KQT12.L7B1=-0.0000449871 + KQT12.L7B1;
KQT12.R7B1=-0.0000546842 + KQT12.R7B1;
KQT13.R7B1=0.00015977 + KQT13.R7B1;
KQT12.L8B1=-0.0000100531 + KQT12.L8B1;
KQT13.L8B1=0.000134599 + KQT13.L8B1;
KQT12.R8B1=0.0000383255 + KQT12.R8B1;
KQT13.R8B1=0.000169727 + KQT13.R8B1;
KQTD.A12B2=-0.000180347 + KQTD.A12B2;
KQTD.A23B2=-0.000305796 + KQTD.A23B2;
KQTD.A34B2=0.0000102122 + KQTD.A34B2;
KQTD.A45B2=0.00025257 + KQTD.A45B2;
KQTD.A56B2=-0.000206547 + KQTD.A56B2;
KQTD.A67B2=0.000111697 + KQTD.A67B2;
KQTD.A78B2=0.0000443384 + KQTD.A78B2;
KQTD.A81B2=0.000172724 + KQTD.A81B2;
KQTF.A12B2=-0.0000274631 + KQTF.A12B2;
KQTF.A23B2=-0.0000492601 + KQTF.A23B2;
KQTF.A34B2=-0.0000213722 + KQTF.A34B2;
KQTF.A45B2=0.0000718481 + KQTF.A45B2;
KQTF.A56B2=0.000225058 + KQTF.A56B2;
KQTF.A67B2=0.0000477874 + KQTF.A67B2;
KQTF.A78B2=-0.000123452 + KQTF.A78B2;
KQTF.A81B2=KQTF.A81B2;
KQT12.L1B2=0.000197074 + KQT12.L1B2;
KQT13.L1B2=-0.000230777 + KQT13.L1B2;
KQT12.R1B2=-0.000190196 + KQT12.R1B2;
KQT13.R1B2=0.000573487 + KQT13.R1B2;
KQT12.L2B2=0.000122871 + KQT12.L2B2;
KQT12.R2B2=-0.000111513 + KQT12.R2B2;
KQT13.L2B2=-0.000205537 + KQT13.L2B2;
KQT13.R2B2=-0.0000811097 + KQT13.R2B2;
KQT13.L3B2=-0.000083606 + KQT13.L3B2;
KQT12.L3B2=-0.000282998 + KQT12.L3B2;
KQT12.R3B2=KQT12.R3B2;
KQT13.R3B2=0.000200782 + KQT13.R3B2;
KQT13.L4B2=-0.000193666 + KQT13.L4B2;
KQT12.L4B2=KQT12.L4B2;
KQT12.R4B2=0.000135145 + KQT12.R4B2;
KQT13.R4B2=-0.000165812 + KQT13.R4B2;
KQT12.L5B2=0.00015475 + KQT12.L5B2;
KQT13.L5B2=-0.000194443 + KQT13.L5B2;
KQT12.R5B2=-0.0000623279 + KQT12.R5B2;
KQT13.R5B2=0.000354664 + KQT13.R5B2;
KQT12.L6B2=-0.0000326938 + KQT12.L6B2;
KQT13.L6B2=0.000199556 + KQT13.L6B2;
KQT12.R6B2=0.000118778 + KQT12.R6B2;
KQT13.R6B2=0.0000353617 + KQT13.R6B2;
KQT13.L7B2=0.0000568051 + KQT13.L7B2;
KQT12.L7B2=0.0000747194 + KQT12.L7B2;
KQT12.R7B2=-0.0000968185 + KQT12.R7B2;
KQT13.R7B2=0.000046502 + KQT13.R7B2;
KQT12.L8B2=0.0000781242 + KQT12.L8B2;
KQT13.L8B2=-0.000560156 + KQT13.L8B2;
KQT12.R8B2=0.000101246 + KQT12.R8B2;
KQT13.R8B2=-0.000221209 + KQT13.R8B2;
return;