MDV12507 = -4.87935944511e-07 ;
MDV63307 = 3.73668747673e-07 ;
MDVA21703 = 3.49387385573e-07 ;
MDV32907 = 3.84817255696e-07 ;
MDV21507 = 4.22133298542e-07 ;
MDV51307 = -3.3653455947e-07 ;
MDV50307 = 4.29776046875e-07 ;
MDV40307 = 2.75259414255e-07 ;
MDVA61932 = 3.34913210931e-07 ;
MDV32707 = 4.67082872152e-07 ;
MDV42907 = 3.23232274362e-07 ;
MDV13507 = 5.30596825103e-07 ;
MDV12307 = 6.84845314177e-07 ;
MDV10307 = 2.65715362407e-08 ;
MDV60107 = -1.84028104425e-07 ;
MDV42107 = 7.7274196951e-08 ;
MDV33307 = -1.905065537e-09 ;
MDV43507 = 7.08603289932e-07 ;
MDV12907 = 2.14664651515e-07 ;
MDV20507 = 8.0506102325e-08 ;
MDV52707 = 4.88238327704e-07 ;
MDV62507 = -7.02982339702e-07 ;
MDV12107 = 5.0775268385e-08 ;
MDV60707 = 3.55344527936e-07 ;
MDV22707 = 4.47296425232e-07 ;
MDV53107 = 3.06673017893e-07 ;
MDV21107 = 7.29513444868e-07 ;
MDV50707 = 3.33483646988e-07 ;
MDVA41703 = 1.33808957559e-07 ;
MDV60307 = 4.30825417068e-07 ;
MDV13107 = 3.73296905155e-07 ;
MDV43107 = 3.28811217082e-07 ;
MDV30907 = 9.070172465e-08 ;
MDV42707 = 4.10766409297e-07 ;
MDV62107 = -6.7720243105e-08 ;
MDV52507 = -5.16650343908e-08 ;
MDV61307 = -8.85439512904e-07 ;
MDV30107 = -6.06885295925e-07 ;
MDV23307 = 1.1650126213e-08 ;
MDV22108 = 2.40251373849e-07 ;
MDV31707 = 3.24356493133e-07 ;
MDV41307 = -7.91083478693e-07 ;
MDV53507 = 6.99917375378e-07 ;
MDV30507 = 1.78799125463e-07 ;
MDV60907 = -1.17861578342e-07 ;
MDV42307 = 6.85098533903e-07 ;
MDV23507 = 5.6879331237e-07 ;
MDV13307 = -1.42694548307e-07 ;
MDV43307 = 1.73359239353e-07 ;
MDV20707 = 3.70000935478e-07 ;
MDV52907 = 4.27981682315e-07 ;
MDVA41932 = 3.2241431766e-07 ;
MDV33507 = 5.65861649637e-07 ;
MDV52107 = 2.15947958867e-07 ;
MDV23107 = 3.37208823691e-07 ;
MDV62907 = 1.83388067072e-07 ;
MDV11107 = 7.99217689659e-07 ;
MDVA21932 = 2.90857867684e-07 ;
MDV31307 = -3.51036877306e-07 ;
MDV20907 = 1.24841074065e-07 ;
MDV63507 = 3.06562820348e-07 ;
MDV60507 = 3.40953185694e-07 ;
MDV40107 = -6.55562727315e-07 ;
MDV33107 = 3.36269912956e-07 ;
MDV32507 = -1.28307299687e-07 ;
MDV20307 = 2.19819206905e-07 ;
MDV21307 = -2.79028321822e-07 ;
MDV51507 = 3.64580409415e-07 ;
MDV11507 = 5.50393517859e-07 ;
MDV40907 = -8.4642464953e-08 ;
MDV10107 = 5.92630621797e-08 ;
MDV10907 = 2.83827297235e-07 ;
MDV41507 = 2.23230904353e-07 ;
MDV53307 = 2.08520491042e-07 ;
MDVA11904 = 3.15999259799e-07 ;
MDV51907 = 3.25230052373e-07 ;
MDV22507 = -1.4958462951e-07 ;
MDV32307 = 7.41666673434e-07 ;
MDV32107 = 2.12699995772e-07 ;
MDV51107 = 6.44607538167e-07 ;
MDV50507 = 3.63177448497e-07 ;
MDV40507 = 1.58404621767e-07 ;
MDV10507 = 3.90844771064e-07 ;
MDV61507 = 2.07317883382e-07 ;
MDV11307 = 2.63842609705e-08 ;
MDV31107 = 6.71316226247e-07 ;
MDV22307 = 7.11816443401e-07 ;
MDV50907 = 1.14561438831e-07 ;
MDV31907 = 3.20691844345e-07 ;
MDV41107 = 5.5553340016e-07 ;
MDV30307 = 2.79356963194e-07 ;
MDV22907 = 3.18474223131e-07 ;
MDV63107 = 3.40058576487e-07 ;
MDV62707 = 3.00746216804e-07 ;
MDV12707 = 4.11631194334e-07 ;
MDV50107 = -1.98972898933e-07 ;
MDV51707 = 2.88663950035e-07 ;
MDV40707 = 3.78326743477e-07 ;
MDV10707 = 2.98725051335e-07 ;
MDV61107 = 5.30748019309e-07 ;
MDV31507 = 3.77211300119e-07 ;
MDV30707 = 3.62507761024e-07 ;
MDV42507 = -3.64380793192e-07 ;
MDV62307 = 5.83264890343e-07 ;
MDV20107 = -9.16447960811e-07 ;
MDV52307 = 7.56401896105e-07 ;
return;