cminusreal= -0.027649848487 ;
cminusimag= 0.00952160683341 ;
cplusreal= 0.000111608681727 ;
cplusimag= 5.06091951972e-05 ;
