dq =    0.0003961574202 ;
dq =    0.0009903940733 ;
