kqs.r2b2 =   -2.774990907e-05 ;
kqs.r4b2 =   -2.864429857e-05 ;
kqs.r6b2 =   -5.327064027e-05 ;
kqs.r8b2 =   -1.833071494e-05 ;
kqs.l1b2 =   -1.833071494e-05 ;
kqs.l3b2 =   -2.774990907e-05 ;
kqs.l5b2 =   -2.864429857e-05 ;
kqs.l7b2 =   -5.327064027e-05 ;
kqs.a12b2 =   -4.289659393e-05 ;
kqs.a78b2 =   -1.896106345e-05 ;
kqs.a56b2 =   -1.367403806e-06 ;
dq =    -0.001185549971 ;
