kqs.r2b2 =    5.801513599e-06 ;
kqs.r4b2 =   -2.175541921e-05 ;
kqs.r6b2 =   -1.178753834e-05 ;
kqs.r8b2 =   -2.548110033e-06 ;
kqs.l1b2 =   -2.548110033e-06 ;
kqs.l3b2 =    5.801513599e-06 ;
kqs.l5b2 =   -2.175541921e-05 ;
kqs.l7b2 =   -1.178753834e-05 ;
kqs.a12b2 =   -1.720980681e-05 ;
kqs.a78b2 =   -1.676975737e-05 ;
kqs.a56b2 =    1.562371691e-05 ;
dq =     0.001167270908 ;
