kqs.r2b2 =    3.416557712e-06 ;
kqs.r4b2 =    3.710375409e-05 ;
kqs.r6b2 =    4.183179385e-06 ;
kqs.r8b2 =    2.179752213e-05 ;
kqs.l1b2 =    2.179752213e-05 ;
kqs.l3b2 =    3.416557712e-06 ;
kqs.l5b2 =    3.710375409e-05 ;
kqs.l7b2 =    4.183179385e-06 ;
kqs.a12b2 =    2.089412455e-05 ;
kqs.a78b2 =    1.498209271e-05 ;
kqs.a56b2 =   -1.726412315e-05 ;
dq =    -0.001213343282 ;
