kqs.r2b2 =    7.898442613e-06 ;
kqs.r4b2 =    2.228144272e-05 ;
kqs.r6b2 =    2.623725406e-05 ;
kqs.r8b2 =    6.050149113e-08 ;
kqs.l1b2 =    6.050149113e-08 ;
kqs.l3b2 =    7.898442613e-06 ;
kqs.l5b2 =    2.228144272e-05 ;
kqs.l7b2 =    2.623725406e-05 ;
kqs.a12b2 =    2.525796946e-05 ;
kqs.a78b2 =    1.909875138e-05 ;
kqs.a56b2 =   -2.890956771e-05 ;
dq =    -0.001228520669 ;
