kqs.r2b2 =   -3.191286733e-05 ;
kqs.r4b2 =    1.105462523e-05 ;
kqs.r6b2 =    2.006173493e-05 ;
kqs.r8b2 =   -2.213280125e-05 ;
kqs.l1b2 =   -2.213280125e-05 ;
kqs.l3b2 =   -3.191286733e-05 ;
kqs.l5b2 =    1.105462523e-05 ;
kqs.l7b2 =    2.006173493e-05 ;
kqs.a12b2 =    7.252372517e-06 ;
kqs.a78b2 =   -2.384362257e-06 ;
kqs.a56b2 =    1.484987561e-05 ;
dq =     0.001176327779 ;
