cminusreal= -6.78222700066e-07 ;
cminusimag= 0.00801110074683 ;
cplusreal= -8.02150653937e-08 ;
cplusimag= -1.26574507953e-07 ;
