kqs.r2b2   =    0.04975907469 ;
kqs.r4b2   =   -0.04731414785 ;
kqs.r6b2   =    0.01944707069 ;
kqs.r8b2   =   -0.02165357863 ;
kqs.l1b2   =   -0.02165357863 ;
kqs.l3b2   =    0.04975907469 ;
kqs.l5b2   =   -0.04731414785 ;
kqs.l7b2   =    0.01944707069 ;
kqs.a12b2  =     0.07478613211 ;
kqs.a78b2  =     -0.1718734802 ;
kqs.a56b2  =    -0.09219969124 ; 
