kqs.r2b2 =     -0.07861208699 ;
kqs.r4b2 =    -0.006467324901 ;
kqs.r6b2 =     -0.03300626877 ;
kqs.r8b2 =     -0.02694461894 ;
kqs.l1b2 =     -0.02694461894 ;
kqs.l3b2 =     -0.07861208699 ;
kqs.l5b2 =    -0.006467324901 ;
kqs.l7b2 =     -0.03300626877 ;
kqs.a12b2 =     -0.06005456312 ;
kqs.a78b2  =        0.10107831 ;
kqs.a56b2   =     0.0668479318 ;
