dq =                 -5 ;
dq =   -0.0009987481424 ;
dq =   -0.0009987481424 ;
