C
C INPUT FOR SUSSIX_V4 ---17/09/1997---
C DETAILS ARE IN THE MAIN PROGRAM SUSSIX_V4.F
C

ISIX  = 0
NTOT  = 1
IANA  = 1
ICONV = 0
TURNS = 1 8000
NARM  = 300
ISTUN = 1 1.000000e-01 1.000000e-01
TUNES = 2.600000e-01 3.700000e-01 .07
NSUS  = 0
IDAM  = 2
NTWIX = 1
IR    = 1
IMETH = 2
NRC   = 4
EPS   = 2.000000e-03
NLINE = 0
L,M,K = 
IDAMX = 1
NFIN  = 500
ISME  = 0
IUSME = 200
INV   = 0
IINV  = 250
ICF   = 0
IICF  = 350
