cminusreal= -0.0236429329749 ;
cminusimag= 0.00693875517197 ;
cplusreal= 8.63755555922e-06 ;
cplusimag= 6.64849671777e-06 ;
