kQS.R7B1 =	-0.007636090556 ;
kQS.L2B1 =	 0.009180748553 ;
kQS.A45B1 =	-0.01492350985 ;
kQS.A81B1 =	-0.02920127391 ;
kQS.R1B1 =	 0.009180748553 ;
kQS.L6B1 =	 0.03791092411 ;
kQS.R5B1 =	 0.03791092411 ;
kQS.A67B1 =	-8.972271658E-4 ;
kQS.L8B1 =	-0.007636090556 ;
kQS.A23B1 =	-0.03321119582 ;
