kqs.a23b1 =   0.01336480383 ;
kqs.a45b1 =   0.0528938668 ;
kqs.a67b1 =   0.002257439027 ;
kqs.a81b1 =   -0.0429437779 ;
kqs.l2b1  =  -0.001607496029 ;
kqs.l6b1  =  -0.003890653974 ;
kqs.l8b1  =  0.002918050948 ;
kqs.r1b1  =  -0.001607496029 ;
kqs.r5b1  =  -0.003890653974 ;
kqs.r7b1  =  0.002918050948 ;